0	1.41506234	2	4.24186294	4.47213595	5.00000012
1.41506234	0	1.41506234	4.4722254	4.2434893	4.12312988
2	1.41506234	0	3.16123413	2.82842712	3.0000002
4.24186294	4.4722254	3.16123413	0	1.41343596	3.60555128
4.47213595	4.2434893	2.82842712	1.41343596	0	2.2370519
5.00000012	4.12312988	3.0000002	3.60555128	2.2370519	0
