0.000000000000000000e+00 6.988851190472192276e-02 1.019147670178028459e-01 1.435680330965409535e-01 1.777947478589149144e-01 2.045829522850916848e-01 2.362863138626778436e-01 2.848518934049572016e-01 3.141156149365887940e-01 3.553263972815006166e-01 3.748435176491443088e-01 4.015121318769900860e-01 4.329763130579141750e-01 4.666170358484663661e-01 5.081626707487068018e-01 5.566684551918197332e-01 5.929879984249886160e-01 6.146936194220907757e-01 6.479994896573161300e-01 6.844027460293158338e-01 7.398567209954689528e-01 7.734256896670225201e-01 8.071620846162377294e-01 8.357202239777153929e-01 9.128439428814724144e-01 9.391179094548248729e-01 9.800177572840762519e-01 1.008803118022383760e+00 1.031860108260629127e+00 1.143545394482086142e+00 1.232927108714784392e+00 1.361570285059597651e+00 1.451191179688959609e+00 1.516714649354593547e+00 1.508492823202186806e+00 1.443148738834048261e+00 1.356900287797630167e+00 1.228711554206476153e+00 1.139915831945600866e+00 1.026496487848341355e+00 1.005006129208228183e+00 9.740203088206264015e-01 9.334194364871964966e-01 9.100515117332920179e-01 8.798549866546873099e-01 8.312056939735651406e-01 7.995262504356587252e-01 7.655267570501084196e-01 7.339549446906842300e-01 6.756666820240863069e-01 6.417389427575469485e-01 6.054672356036979730e-01 5.862730087715474214e-01 5.496903671020604287e-01 5.013400499167702806e-01 4.602488577701928096e-01 4.241804539535187213e-01 3.970215199125092798e-01 3.704605368631638806e-01 3.462913577804391241e-01 3.102109949439412762e-01 2.790099121993418474e-01 2.309824885495480873e-01 1.998412009041180826e-01 1.737227015885919601e-01 1.405125035120386168e-01 1.001029754959412016e-01 1.154045396762152240e-03
6.988851190472192276e-02 0.000000000000000000e+00 3.202625511308092310e-02 7.367952119181904458e-02 1.079062359541930055e-01 1.346944403803697621e-01 1.663978019579559486e-01 2.149633815002352510e-01 2.442271030318668434e-01 2.854378853767786661e-01 3.049550057444223583e-01 3.316236199722681355e-01 3.630878011531922245e-01 3.967285239437444155e-01 4.382741588439849068e-01 4.867799432870978382e-01 5.230994865202667210e-01 5.448051075173688806e-01 5.781109777525942350e-01 6.145142341245939388e-01 6.699682090907470577e-01 7.035371777623006251e-01 7.372735727115158344e-01 7.658317120729934979e-01 8.429554309767505194e-01 8.692293975501029779e-01 9.101292453793543569e-01 9.389146061176617541e-01 9.619715963559071215e-01 1.073656882577364247e+00 1.163038596810062497e+00 1.291681773154875756e+00 1.381302667784237714e+00 1.446826137449871652e+00 1.438604311297464911e+00 1.373260226929326366e+00 1.287011775892908272e+00 1.158823042301754258e+00 1.070027320040878971e+00 9.566079759436193486e-01 9.351176173035061767e-01 9.041317969159045065e-01 8.635309245824746016e-01 8.401629998285701229e-01 8.099664747499654149e-01 7.613171820688432456e-01 7.296377385309368302e-01 6.956382451453865245e-01 6.640664327859623350e-01 6.057781701193644119e-01 5.718504308528250535e-01 5.355787236989760780e-01 5.163844968668255264e-01 4.798018551973385337e-01 4.314515380120483856e-01 3.903603458654708591e-01 3.542919420487967708e-01 3.271330080077873292e-01 3.005720249584419301e-01 2.764028458757171736e-01 2.403224830392193256e-01 2.091214002946198969e-01 1.610939766448261645e-01 1.299526889993961598e-01 1.038341896838700512e-01 7.062399160731670789e-02 3.021446359121927883e-02 6.873446650795976554e-02
1.019147670178028459e-01 3.202625511308092310e-02 0.000000000000000000e+00 4.165326607873812148e-02 7.587998084111208241e-02 1.026681852672888529e-01 1.343715468448750117e-01 1.829371263871543418e-01 2.122008479187859342e-01 2.534116302636977291e-01 2.729287506313414768e-01 2.995973648591871985e-01 3.310615460401112875e-01 3.647022688306634786e-01 4.062479037309040253e-01 4.547536881740169568e-01 4.910732314071858395e-01 5.127788524042879992e-01 5.460847226395133536e-01 5.824879790115130573e-01 6.379419539776661763e-01 6.715109226492197436e-01 7.052473175984349529e-01 7.338054569599126165e-01 8.109291758636696379e-01 8.372031424370220964e-01 8.781029902662734754e-01 9.068883510045808727e-01 9.299453412428262400e-01 1.041630627464283254e+00 1.131012341696981505e+00 1.259655518041794764e+00 1.349276412671156722e+00 1.414799882336790660e+00 1.406578056184383918e+00 1.341233971816245374e+00 1.254985520779827279e+00 1.126796787188673266e+00 1.038001064927797978e+00 9.245817208305384671e-01 9.030913621904252953e-01 8.721055418028236250e-01 8.315046694693937201e-01 8.081367447154892414e-01 7.779402196368845335e-01 7.292909269557623642e-01 6.976114834178559487e-01 6.636119900323056431e-01 6.320401776728814536e-01 5.737519150062835305e-01 5.398241757397441720e-01 5.035524685858951965e-01 4.843582417537446450e-01 4.477756000842576523e-01 3.994252828989675042e-01 3.583340907523899777e-01 3.222656869357158893e-01 2.951067528947064478e-01 2.685457698453610487e-01 2.443765907626362643e-01 2.082962279261384164e-01 1.770951451815389877e-01 1.290677215317452553e-01 9.792643388631525059e-02 7.180793457078912811e-02 3.859773649423578479e-02 1.811791521861644272e-03 1.007607216210406886e-01
1.435680330965409535e-01 7.367952119181904458e-02 4.165326607873812148e-02 0.000000000000000000e+00 3.422671476237396093e-02 6.101491918855073138e-02 9.271828076613689018e-02 1.412838603084162203e-01 1.705475818400478127e-01 2.117583641849596354e-01 2.312754845526033276e-01 2.579440987804491048e-01 2.894082799613731938e-01 3.230490027519253848e-01 3.645946376521658761e-01 4.131004220952788075e-01 4.494199653284476903e-01 4.711255863255498499e-01 5.044314565607752598e-01 5.408347129327748526e-01 5.962886878989279715e-01 6.298576565704816499e-01 6.635940515196967482e-01 6.921521908811745227e-01 7.692759097849315442e-01 7.955498763582840027e-01 8.364497241875352707e-01 8.652350849258427790e-01 8.882920751640881463e-01 9.999773613855451604e-01 1.089359075618243411e+00 1.218002251963056670e+00 1.307623146592418628e+00 1.373146616258052566e+00 1.364924790105645824e+00 1.299580705737507280e+00 1.213332254701089186e+00 1.085143521109935172e+00 9.963477988490598847e-01 8.829284547518003734e-01 8.614380961116872015e-01 8.304522757240855313e-01 7.898514033906556264e-01 7.664834786367511477e-01 7.362869535581464397e-01 6.876376608770242704e-01 6.559582173391178550e-01 6.219587239535675494e-01 5.903869115941433598e-01 5.320986489275454367e-01 4.981709096610060228e-01 4.618992025071570473e-01 4.427049756750064957e-01 4.061223340055195030e-01 3.577720168202293549e-01 3.166808246736518284e-01 2.806124208569777401e-01 2.534534868159682985e-01 2.268925037666228994e-01 2.027233246838981429e-01 1.666429618474002949e-01 1.354418791028008662e-01 8.741445545300713382e-02 5.627316780757712911e-02 3.015466849205100663e-02 3.055529584502336693e-03 4.346505760059976575e-02 1.424139876997788101e-01
1.777947478589149144e-01 1.079062359541930055e-01 7.587998084111208241e-02 3.422671476237396093e-02 0.000000000000000000e+00 2.678820442617677045e-02 5.849156600376292925e-02 1.070571455460422594e-01 1.363208670776738518e-01 1.775316494225856745e-01 1.970487697902293667e-01 2.237173840180751438e-01 2.551815651989992606e-01 2.888222879895514517e-01 3.303679228897918874e-01 3.788737073329048188e-01 4.151932505660737016e-01 4.368988715631758613e-01 4.702047417984012156e-01 5.066079981704009194e-01 5.620619731365540384e-01 5.956309418081076057e-01 6.293673367573228150e-01 6.579254761188004785e-01 7.350491950225575000e-01 7.613231615959099585e-01 8.022230094251613375e-01 8.310083701634687348e-01 8.540653604017141021e-01 9.657506466231711162e-01 1.055132360855869367e+00 1.183775537200682626e+00 1.273396431830044584e+00 1.338919901495678522e+00 1.330698075343271780e+00 1.265353990975133236e+00 1.179105539938715141e+00 1.050916806347561128e+00 9.621210840866858405e-01 8.487017399894263292e-01 8.272113813493131573e-01 7.962255609617114871e-01 7.556246886282815822e-01 7.322567638743771035e-01 7.020602387957723955e-01 6.534109461146502262e-01 6.217315025767438108e-01 5.877320091911935052e-01 5.561601968317693157e-01 4.978719341651713926e-01 4.639441948986320341e-01 4.276724877447830586e-01 4.084782609126325070e-01 3.718956192431455143e-01 3.235453020578553662e-01 2.824541099112778397e-01 2.463857060946037791e-01 2.192267720535943376e-01 1.926657890042489385e-01 1.684966099215241819e-01 1.324162470850263340e-01 1.012151643404269052e-01 5.318774069063317289e-02 2.204645304520316818e-02 4.072046270322954298e-03 3.728224434687629762e-02 7.769177236297372668e-02 1.766407024621527710e-01
2.045829522850916848e-01 1.346944403803697621e-01 1.026681852672888529e-01 6.101491918855073138e-02 2.678820442617677045e-02 0.000000000000000000e+00 3.170336157758615880e-02 8.026894111986548896e-02 1.095326626514970814e-01 1.507434449964089040e-01 1.702605653640525962e-01 1.969291795918983734e-01 2.283933607728224624e-01 2.620340835633746535e-01 3.035797184636151447e-01 3.520855029067280761e-01 3.884050461398969589e-01 4.101106671369991186e-01 4.434165373722244730e-01 4.798197937442241767e-01 5.352737687103772402e-01 5.688427373819309185e-01 6.025791323311460168e-01 6.311372716926237914e-01 7.082609905963808128e-01 7.345349571697332713e-01 7.754348049989845393e-01 8.042201657372920476e-01 8.272771559755374149e-01 9.389624421969944290e-01 1.028344156429692680e+00 1.156987332774505939e+00 1.246608227403867897e+00 1.312131697069501834e+00 1.303909870917095093e+00 1.238565786548956549e+00 1.152317335512538454e+00 1.024128601921384440e+00 9.353328796605091533e-01 8.219135355632496420e-01 8.004231769231364702e-01 7.694373565355347999e-01 7.288364842021048950e-01 7.054685594482004163e-01 6.752720343695957084e-01 6.266227416884735391e-01 5.949432981505671236e-01 5.609438047650168180e-01 5.293719924055926285e-01 4.710837297389946499e-01 4.371559904724552914e-01 4.008842833186063159e-01 3.816900564864557643e-01 3.451074148169687716e-01 2.967570976316786235e-01 2.556659054851010970e-01 2.195975016684270087e-01 1.924385676274175672e-01 1.658775845780721681e-01 1.417084054953474115e-01 1.056280426588495636e-01 7.442695991425013480e-02 2.639953626445640245e-02 4.741751380973602270e-03 3.086025069649972474e-02 6.407044877305306807e-02 1.044799767891504971e-01 2.034289068883295415e-01
2.362863138626778436e-01 1.663978019579559486e-01 1.343715468448750117e-01 9.271828076613689018e-02 5.849156600376292925e-02 3.170336157758615880e-02 0.000000000000000000e+00 4.856557954227933016e-02 7.782930107391092256e-02 1.190400834188227452e-01 1.385572037864664374e-01 1.652258180143122146e-01 1.966899991952363036e-01 2.303307219857884947e-01 2.718763568860289581e-01 3.203821413291418896e-01 3.567016845623107724e-01 3.784073055594129320e-01 4.117131757946382864e-01 4.481164321666379902e-01 5.035704071327911091e-01 5.371393758043446764e-01 5.708757707535598858e-01 5.994339101150375493e-01 6.765576290187945707e-01 7.028315955921470293e-01 7.437314434213984082e-01 7.725168041597058055e-01 7.955737943979511728e-01 9.072590806194081869e-01 9.966407948521064375e-01 1.125283971196919808e+00 1.214904865826281766e+00 1.280428335491915703e+00 1.272206509339508962e+00 1.206862424971370418e+00 1.120613973934952323e+00 9.924252403437981984e-01 9.036295180829229112e-01 7.902101739856634000e-01 7.687198153455502281e-01 7.377339949579485578e-01 6.971331226245186530e-01 6.737651978706141742e-01 6.435686727920094663e-01 5.949193801108872970e-01 5.632399365729808816e-01 5.292404431874305759e-01 4.976686308280063864e-01 4.393803681614084633e-01 4.054526288948691048e-01 3.691809217410201294e-01 3.499866949088695778e-01 3.134040532393825851e-01 2.650537360540924370e-01 2.239625439075149382e-01 1.878941400908408499e-01 1.607352060498314084e-01 1.341742230004860092e-01 1.100050439177612527e-01 7.392468108126340476e-02 4.272359833666397599e-02 5.303825313129756358e-03 3.644511295855976107e-02 6.256361227408588355e-02 9.577381035063922687e-02 1.361833383667366559e-01 2.351322684659157003e-01
2.848518934049572016e-01 2.149633815002352510e-01 1.829371263871543418e-01 1.412838603084162203e-01 1.070571455460422594e-01 8.026894111986548896e-02 4.856557954227933016e-02 0.000000000000000000e+00 2.926372153163159240e-02 7.047450387654341508e-02 8.999162424418710726e-02 1.166602384720328844e-01 1.481244196529569734e-01 1.817651424435091645e-01 2.233107773437496557e-01 2.718165617868625872e-01 3.081361050200314700e-01 3.298417260171336296e-01 3.631475962523589840e-01 3.995508526243586878e-01 4.550048275905118067e-01 4.885737962620653740e-01 5.223101912112806389e-01 5.508683305727581914e-01 6.279920494765152128e-01 6.542660160498676714e-01 6.951658638791191613e-01 7.239512246174264476e-01 7.470082148556718149e-01 8.586935010771288290e-01 9.480752153098270796e-01 1.076718391654640339e+00 1.166339286284002297e+00 1.231862755949636234e+00 1.223640929797229493e+00 1.158296845429090949e+00 1.072048394392672854e+00 9.438596608015188405e-01 8.550639385406435533e-01 7.416445944433840420e-01 7.201542358032708702e-01 6.891684154156691999e-01 6.485675430822392951e-01 6.251996183283348163e-01 5.950030932497301084e-01 5.463538005686079391e-01 5.146743570307015236e-01 4.806748636451512735e-01 4.491030512857270840e-01 3.908147886191291609e-01 3.568870493525898024e-01 3.206153421987408270e-01 3.014211153665902754e-01 2.648384736971032827e-01 2.164881565118131346e-01 1.753969643652356081e-01 1.393285605485615197e-01 1.121696265075520782e-01 8.560864345820667909e-02 6.143946437548192252e-02 2.535910153898407460e-02 5.841981205615354167e-03 5.386940485540908652e-02 8.501069250083909123e-02 1.111291918163652137e-01 1.443393898929185570e-01 1.847489179090159861e-01 2.836978480081950305e-01
3.141156149365887940e-01 2.442271030318668434e-01 2.122008479187859342e-01 1.705475818400478127e-01 1.363208670776738518e-01 1.095326626514970814e-01 7.782930107391092256e-02 2.926372153163159240e-02 0.000000000000000000e+00 4.121078234491182268e-02 6.072790271255551486e-02 8.739651694040129204e-02 1.188606981213253810e-01 1.525014209118775721e-01 1.940470558121180633e-01 2.425528402552309948e-01 2.788723834883998776e-01 3.005780044855020372e-01 3.338838747207273916e-01 3.702871310927270954e-01 4.257411060588802143e-01 4.593100747304337816e-01 4.930464696796489910e-01 5.216046090411265990e-01 5.987283279448836204e-01 6.250022945182360790e-01 6.659021423474875689e-01 6.946875030857948552e-01 7.177444933240402225e-01 8.294297795454972366e-01 9.188114937781954872e-01 1.047454670123008746e+00 1.137075564752370704e+00 1.202599034418004642e+00 1.194377208265597901e+00 1.129033123897459356e+00 1.042784672861041262e+00 9.145959392698872481e-01 8.258002170090119609e-01 7.123808729117524496e-01 6.908905142716392778e-01 6.599046938840376075e-01 6.193038215506077027e-01 5.959358967967032239e-01 5.657393717180985160e-01 5.170900790369763467e-01 4.854106354990699868e-01 4.514111421135196811e-01 4.198393297540954916e-01 3.615510670874975685e-01 3.276233278209582100e-01 2.913516206671092346e-01 2.721573938349586830e-01 2.355747521654716903e-01 1.872244349801815422e-01 1.461332428336040157e-01 1.100648390169299273e-01 8.290590497592048580e-02 5.634492192657508669e-02 3.217574284385033012e-02 3.904619992647517801e-03 3.510570273724694657e-02 8.313312638704067892e-02 1.142744140324706836e-01 1.403929133479968061e-01 1.736031114245501494e-01 2.140126394406475785e-01 3.129615695398266229e-01
3.553263972815006166e-01 2.854378853767786661e-01 2.534116302636977291e-01 2.117583641849596354e-01 1.775316494225856745e-01 1.507434449964089040e-01 1.190400834188227452e-01 7.047450387654341508e-02 4.121078234491182268e-02 0.000000000000000000e+00 1.951712036764369218e-02 4.618573459548946936e-02 7.764991577641355835e-02 1.112906385669657494e-01 1.528362734672062406e-01 2.013420579103191721e-01 2.376616011434880549e-01 2.593672221405902145e-01 2.926730923758155689e-01 3.290763487478152727e-01 3.845303237139683916e-01 4.180992923855219590e-01 4.518356873347371683e-01 4.803938266962148318e-01 5.575175455999719087e-01 5.837915121733243673e-01 6.246913600025756352e-01 6.534767207408831435e-01 6.765337109791285108e-01 7.882189972005855250e-01 8.776007114332837755e-01 1.006243887778097035e+00 1.095864782407458993e+00 1.161388252073092930e+00 1.153166425920686189e+00 1.087822341552547645e+00 1.001573890516129550e+00 8.733851569249755364e-01 7.845894346641002493e-01 6.711700905668407380e-01 6.496797319267275661e-01 6.186939115391258959e-01 5.780930392056959910e-01 5.547251144517915122e-01 5.245285893731868043e-01 4.758792966920645795e-01 4.441998531541581641e-01 4.102003597686078584e-01 3.786285474091836689e-01 3.203402847425857458e-01 2.864125454760463874e-01 2.501408383221974119e-01 2.309466114900468603e-01 1.943639698205598676e-01 1.460136526352697195e-01 1.049224604886921930e-01 6.885405667201810465e-02 4.169512263100866312e-02 1.513413958166326401e-02 9.035039501061492562e-03 4.511540233755934048e-02 7.631648508215876925e-02 1.243439087319525016e-01 1.554851963773825063e-01 1.816036956929086288e-01 2.148138937694619721e-01 2.552234217855594012e-01 3.541723518847384455e-01
3.748435176491443088e-01 3.049550057444223583e-01 2.729287506313414768e-01 2.312754845526033276e-01 1.970487697902293667e-01 1.702605653640525962e-01 1.385572037864664374e-01 8.999162424418710726e-02 6.072790271255551486e-02 1.951712036764369218e-02 0.000000000000000000e+00 2.666861422784577718e-02 5.813279540876986617e-02 9.177351819932205723e-02 1.333191530995625484e-01 1.818249375426754799e-01 2.181444807758443627e-01 2.398501017729465223e-01 2.731559720081718767e-01 3.095592283801715805e-01 3.650132033463246994e-01 3.985821720178782668e-01 4.323185669670934761e-01 4.608767063285711396e-01 5.380004252323281611e-01 5.642743918056806196e-01 6.051742396349319986e-01 6.339596003732393958e-01 6.570165906114847632e-01 7.687018768329417773e-01 8.580835910656400278e-01 9.867267674104532871e-01 1.076347662039815134e+00 1.141871131705449294e+00 1.133649305553042552e+00 1.068305221184903786e+00 9.820567701484858025e-01 8.538680365573317887e-01 7.650723142964565016e-01 6.516529701991969903e-01 6.301626115590838184e-01 5.991767911714821482e-01 5.585759188380522433e-01 5.352079940841477645e-01 5.050114690055430566e-01 4.563621763244208873e-01 4.246827327865144719e-01 3.906832394009641662e-01 3.591114270415399767e-01 3.008231643749420536e-01 2.668954251084026952e-01 2.306237179545537197e-01 2.114294911224031681e-01 1.748468494529161754e-01 1.264965322676260273e-01 8.540534012104850081e-02 4.933693630437441247e-02 2.217800226336497094e-02 4.382980785980428173e-03 2.855215986870518474e-02 6.463252270520303266e-02 9.583360544980246143e-02 1.438610290995961938e-01 1.750023167450261985e-01 2.011208160605523210e-01 2.343310141371056643e-01 2.747405421532030934e-01 3.736894722523821377e-01
4.015121318769900860e-01 3.316236199722681355e-01 2.995973648591871985e-01 2.579440987804491048e-01 2.237173840180751438e-01 1.969291795918983734e-01 1.652258180143122146e-01 1.166602384720328844e-01 8.739651694040129204e-02 4.618573459548946936e-02 2.666861422784577718e-02 0.000000000000000000e+00 3.146418118092408900e-02 6.510490397147628006e-02 1.066505388717167713e-01 1.551563233148297027e-01 1.914758665479985855e-01 2.131814875451007452e-01 2.464873577803260996e-01 2.828906141523258033e-01 3.383445891184789223e-01 3.719135577900324896e-01 4.056499527392476989e-01 4.342080921007253624e-01 5.113318110044824394e-01 5.376057775778348979e-01 5.785056254070861659e-01 6.072909861453936742e-01 6.303479763836390415e-01 7.420332626050960556e-01 8.314149768377943062e-01 9.600581531826075654e-01 1.049679047811969523e+00 1.115202517477603461e+00 1.106980691325196720e+00 1.041636606957058175e+00 9.553881559206400809e-01 8.271994223294860671e-01 7.384037000686107799e-01 6.249843559713512686e-01 6.034939973312380967e-01 5.725081769436364265e-01 5.319073046102065216e-01 5.085393798563020429e-01 4.783428547776972795e-01 4.296935620965751101e-01 3.980141185586686947e-01 3.640146251731183891e-01 3.324428128136941996e-01 2.741545501470962765e-01 2.402268108805569180e-01 2.039551037267079425e-01 1.847608768945573909e-01 1.481782352250703982e-01 9.982791803978025014e-02 5.873672589320272364e-02 2.266832207652863529e-02 4.490611964480806240e-03 3.105159501382620535e-02 5.522077409655096192e-02 9.130113693304880984e-02 1.225022196776482386e-01 1.705296433274419710e-01 2.016709309728719757e-01 2.277894302883980981e-01 2.609996283649514415e-01 3.014091563810488705e-01 4.003580864802279149e-01
4.329763130579141750e-01 3.630878011531922245e-01 3.310615460401112875e-01 2.894082799613731938e-01 2.551815651989992606e-01 2.283933607728224624e-01 1.966899991952363036e-01 1.481244196529569734e-01 1.188606981213253810e-01 7.764991577641355835e-02 5.813279540876986617e-02 3.146418118092408900e-02 0.000000000000000000e+00 3.364072279055219106e-02 7.518635769079268227e-02 1.236921421339056137e-01 1.600116853670744965e-01 1.817173063641766562e-01 2.150231765994020106e-01 2.514264329714017143e-01 3.068804079375548333e-01 3.404493766091084006e-01 3.741857715583236099e-01 4.027439109198012734e-01 4.798676298235582949e-01 5.061415963969106979e-01 5.470414442261621879e-01 5.758268049644694742e-01 5.988837952027148415e-01 7.105690814241718556e-01 7.999507956568701061e-01 9.285939720016833654e-01 1.018214866631045323e+00 1.083738336296679261e+00 1.075516510144272520e+00 1.010172425776133975e+00 9.239239747397158808e-01 7.957352411485618671e-01 7.069395188876865799e-01 5.935201747904270686e-01 5.720298161503138967e-01 5.410439957627122265e-01 5.004431234292823216e-01 4.770751986753778984e-01 4.468786735967731905e-01 3.982293809156510211e-01 3.665499373777446057e-01 3.325504439921943001e-01 3.009786316327701106e-01 2.426903689661721875e-01 2.087626296996328290e-01 1.724909225457838535e-01 1.532966957136333019e-01 1.167140540441463092e-01 6.836373685885616114e-02 2.727254471227863464e-02 8.795859104395453709e-03 3.595479314540489524e-02 6.251577619475029435e-02 8.668495527747505092e-02 1.227653181139728988e-01 1.539664008585723276e-01 2.019938245083660600e-01 2.331351121537960647e-01 2.592536114693221871e-01 2.924638095458755305e-01 3.328733375619729595e-01 4.318222676611520039e-01
4.666170358484663661e-01 3.967285239437444155e-01 3.647022688306634786e-01 3.230490027519253848e-01 2.888222879895514517e-01 2.620340835633746535e-01 2.303307219857884947e-01 1.817651424435091645e-01 1.525014209118775721e-01 1.112906385669657494e-01 9.177351819932205723e-02 6.510490397147628006e-02 3.364072279055219106e-02 0.000000000000000000e+00 4.154563490024049122e-02 9.005141934335342269e-02 1.263709625765223055e-01 1.480765835736244651e-01 1.813824538088498195e-01 2.177857101808495233e-01 2.732396851470026422e-01 3.068086538185562095e-01 3.405450487677714189e-01 3.691031881292490824e-01 4.462269070330061038e-01 4.725008736063585624e-01 5.134007214356099968e-01 5.421860821739172831e-01 5.652430724121626504e-01 6.769283586336196645e-01 7.663100728663179151e-01 8.949532492111311743e-01 9.845741438404931323e-01 1.050097613506127070e+00 1.041875787353720328e+00 9.765317029855817843e-01 8.902832519491636898e-01 7.620945183580096760e-01 6.732987960971343888e-01 5.598794519998748775e-01 5.383890933597617057e-01 5.074032729721600354e-01 4.668024006387301861e-01 4.434344758848257073e-01 4.132379508062209994e-01 3.645886581250988301e-01 3.329092145871924147e-01 2.989097212016421090e-01 2.673379088422179195e-01 2.090496461756199964e-01 1.751219069090806379e-01 1.388501997552316625e-01 1.196559729230811109e-01 8.307333125359411818e-02 3.472301406830397008e-02 6.368178078273556419e-03 4.243658189494764477e-02 6.959551593595708630e-02 9.615649898530248540e-02 1.203256780680272420e-01 1.564060409045250899e-01 1.876071236491245187e-01 2.356345472989182510e-01 2.667758349443482557e-01 2.928943342598743782e-01 3.261045323364277215e-01 3.665140603525251506e-01 4.654629904517041949e-01
5.081626707487068018e-01 4.382741588439849068e-01 4.062479037309040253e-01 3.645946376521658761e-01 3.303679228897918874e-01 3.035797184636151447e-01 2.718763568860289581e-01 2.233107773437496557e-01 1.940470558121180633e-01 1.528362734672062406e-01 1.333191530995625484e-01 1.066505388717167713e-01 7.518635769079268227e-02 4.154563490024049122e-02 0.000000000000000000e+00 4.850578444311293147e-02 8.482532767628181425e-02 1.065309486733839739e-01 1.398368189086093283e-01 1.762400752806090320e-01 2.316940502467621510e-01 2.652630189183157183e-01 2.989994138675309276e-01 3.275575532290085912e-01 4.046812721327656126e-01 4.309552387061180712e-01 4.718550865353694501e-01 5.006404472736768474e-01 5.236974375119222147e-01 6.353827237333792288e-01 7.247644379660774794e-01 8.534076143108907386e-01 9.430285089402526966e-01 1.008551978605886745e+00 1.000330152453480004e+00 9.349860680853413486e-01 8.487376170489232541e-01 7.205488834577692403e-01 6.317531611968939531e-01 5.183338170996344418e-01 4.968434584595212700e-01 4.658576380719195997e-01 4.252567657384896949e-01 4.018888409845852161e-01 3.716923159059805082e-01 3.230430232248583389e-01 2.913635796869519234e-01 2.573640863014016178e-01 2.257922739419774283e-01 1.675040112753795052e-01 1.335762720088401467e-01 9.730456485499117125e-02 7.811033802284061967e-02 4.152769635335362697e-02 6.822620831936521135e-03 4.791381297851404764e-02 8.398221679518813598e-02 1.111411508361975775e-01 1.377021338855429766e-01 1.618713129682677332e-01 1.979516758047655811e-01 2.291527585493650099e-01 2.771801821991587422e-01 3.083214698445887469e-01 3.344399691601148694e-01 3.676501672366682127e-01 4.080596952527656418e-01 5.070086253519446862e-01
5.566684551918197332e-01 4.867799432870978382e-01 4.547536881740169568e-01 4.131004220952788075e-01 3.788737073329048188e-01 3.520855029067280761e-01 3.203821413291418896e-01 2.718165617868625872e-01 2.425528402552309948e-01 2.013420579103191721e-01 1.818249375426754799e-01 1.551563233148297027e-01 1.236921421339056137e-01 9.005141934335342269e-02 4.850578444311293147e-02 0.000000000000000000e+00 3.631954323316888278e-02 5.802516423027104242e-02 9.133103446549639681e-02 1.277342908374961006e-01 1.831882658036492195e-01 2.167572344752027869e-01 2.504936294244179962e-01 2.790517687858956597e-01 3.561754876896526811e-01 3.824494542630051397e-01 4.233493020922565186e-01 4.521346628305639159e-01 4.751916530688092832e-01 5.868769392902662974e-01 6.762586535229645479e-01 8.049018298677778072e-01 8.945227244971397651e-01 9.600461941627737028e-01 9.518243680103669613e-01 8.864802836422284171e-01 8.002318326058103226e-01 6.720430990146563088e-01 5.832473767537810216e-01 4.698280326565215104e-01 4.483376740164083385e-01 4.173518536288066683e-01 3.767509812953767634e-01 3.533830565414722846e-01 3.231865314628675767e-01 2.745372387817454074e-01 2.428577952438389920e-01 2.088583018582886863e-01 1.772864894988644968e-01 1.189982268322665737e-01 8.507048756572721526e-02 4.879878041187823978e-02 2.960455357972768820e-02 6.978088089759304502e-03 5.532840527504945261e-02 9.641959742162697911e-02 1.324880012383010675e-01 1.596469352793105090e-01 1.862079183286559081e-01 2.103770974113806647e-01 2.464574602478785126e-01 2.776585429924779413e-01 3.256859666422716737e-01 3.568272542877016784e-01 3.829457536032278009e-01 4.161559516797811442e-01 4.565654796958785733e-01 5.555144097950576176e-01
5.929879984249886160e-01 5.230994865202667210e-01 4.910732314071858395e-01 4.494199653284476903e-01 4.151932505660737016e-01 3.884050461398969589e-01 3.567016845623107724e-01 3.081361050200314700e-01 2.788723834883998776e-01 2.376616011434880549e-01 2.181444807758443627e-01 1.914758665479985855e-01 1.600116853670744965e-01 1.263709625765223055e-01 8.482532767628181425e-02 3.631954323316888278e-02 0.000000000000000000e+00 2.170562099710215964e-02 5.501149123232751403e-02 9.141474760432721780e-02 1.468687225704803367e-01 1.804376912420339041e-01 2.141740861912491134e-01 2.427322255527267769e-01 3.198559444564837984e-01 3.461299110298362569e-01 3.870297588590876359e-01 4.158151195973950331e-01 4.388721098356404005e-01 5.505573960570974146e-01 6.399391102897956651e-01 7.685822866346089244e-01 8.582031812639708823e-01 9.237266509296048200e-01 9.155048247771980785e-01 8.501607404090595344e-01 7.639122893726414398e-01 6.357235557814874261e-01 5.469278335206121389e-01 4.335084894233526276e-01 4.120181307832394557e-01 3.810323103956377855e-01 3.404314380622078806e-01 3.170635133083034018e-01 2.868669882296986939e-01 2.382176955485765246e-01 2.065382520106701092e-01 1.725387586251198035e-01 1.409669462656956140e-01 8.267868359909769094e-02 4.875094433255833248e-02 1.247923717870935700e-02 6.714989653441194584e-03 4.329763132292818728e-02 9.164794850821833538e-02 1.327391406547958619e-01 1.688075444714699502e-01 1.959664785124793918e-01 2.225274615618247909e-01 2.466966406445495474e-01 2.827770034810473954e-01 3.139780862256468241e-01 3.620055098754405565e-01 3.931467975208705612e-01 4.192652968363966837e-01 4.524754949129500270e-01 4.928850229290474561e-01 5.918339530282265004e-01
6.146936194220907757e-01 5.448051075173688806e-01 5.127788524042879992e-01 4.711255863255498499e-01 4.368988715631758613e-01 4.101106671369991186e-01 3.784073055594129320e-01 3.298417260171336296e-01 3.005780044855020372e-01 2.593672221405902145e-01 2.398501017729465223e-01 2.131814875451007452e-01 1.817173063641766562e-01 1.480765835736244651e-01 1.065309486733839739e-01 5.802516423027104242e-02 2.170562099710215964e-02 0.000000000000000000e+00 3.330587023522535439e-02 6.970912660722505816e-02 1.251631015733781771e-01 1.587320702449317444e-01 1.924684651941469538e-01 2.210266045556246173e-01 2.981503234593816387e-01 3.244242900327340973e-01 3.653241378619854762e-01 3.941094986002928735e-01 4.171664888385382408e-01 5.288517750599952549e-01 6.182334892926935055e-01 7.468766656375067647e-01 8.364975602668687227e-01 9.020210299325026604e-01 8.937992037800959189e-01 8.284551194119573747e-01 7.422066683755392802e-01 6.140179347843852664e-01 5.252222125235099792e-01 4.118028684262504679e-01 3.903125097861372961e-01 3.593266893985356258e-01 3.187258170651057210e-01 2.953578923112012422e-01 2.651613672325965343e-01 2.165120745514743650e-01 1.848326310135679496e-01 1.508331376280176439e-01 1.192613252685934544e-01 6.097306260199553130e-02 2.704532333545617284e-02 9.226383818392802638e-03 2.842061065054335423e-02 6.500325232003034692e-02 1.133535695053204950e-01 1.544447616518980215e-01 1.905131654685721099e-01 2.176720995095815514e-01 2.442330825589269505e-01 2.684022616416517071e-01 3.044826244781495550e-01 3.356837072227489838e-01 3.837111308725427161e-01 4.148524185179727208e-01 4.409709178334988433e-01 4.741811159100521866e-01 5.145906439261496157e-01 6.135395740253286601e-01
6.479994896573161300e-01 5.781109777525942350e-01 5.460847226395133536e-01 5.044314565607752598e-01 4.702047417984012156e-01 4.434165373722244730e-01 4.117131757946382864e-01 3.631475962523589840e-01 3.338838747207273916e-01 2.926730923758155689e-01 2.731559720081718767e-01 2.464873577803260996e-01 2.150231765994020106e-01 1.813824538088498195e-01 1.398368189086093283e-01 9.133103446549639681e-02 5.501149123232751403e-02 3.330587023522535439e-02 0.000000000000000000e+00 3.640325637199970377e-02 9.185723133815282271e-02 1.254262000097063900e-01 1.591625949589215994e-01 1.877207343203992629e-01 2.648444532241562843e-01 2.911184197975087429e-01 3.320182676267601218e-01 3.608036283650675191e-01 3.838606186033128864e-01 4.955459048247699005e-01 5.849276190574681511e-01 7.135707954022814103e-01 8.031916900316433683e-01 8.687151596972773060e-01 8.604933335448705645e-01 7.951492491767320203e-01 7.089007981403139258e-01 5.807120645491599120e-01 4.919163422882846248e-01 3.784969981910251136e-01 3.570066395509119417e-01 3.260208191633102714e-01 2.854199468298803666e-01 2.620520220759758878e-01 2.318554969973711799e-01 1.832062043162490106e-01 1.515267607783425952e-01 1.175272673927922895e-01 8.595545503336810000e-02 2.766719236677017690e-02 6.260546899769181550e-03 4.253225405361815703e-02 6.172648088576870862e-02 9.830912255525570131e-02 1.466594397405458494e-01 1.877506318871233759e-01 2.238190357037974643e-01 2.509779697448069058e-01 2.775389527941523049e-01 3.017081318768770615e-01 3.377884947133749094e-01 3.689895774579743382e-01 4.170170011077680705e-01 4.481582887531980752e-01 4.742767880687241977e-01 5.074869861452775410e-01 5.478965141613749701e-01 6.468454442605540144e-01
6.844027460293158338e-01 6.145142341245939388e-01 5.824879790115130573e-01 5.408347129327748526e-01 5.066079981704009194e-01 4.798197937442241767e-01 4.481164321666379902e-01 3.995508526243586878e-01 3.702871310927270954e-01 3.290763487478152727e-01 3.095592283801715805e-01 2.828906141523258033e-01 2.514264329714017143e-01 2.177857101808495233e-01 1.762400752806090320e-01 1.277342908374961006e-01 9.141474760432721780e-02 6.970912660722505816e-02 3.640325637199970377e-02 0.000000000000000000e+00 5.545397496615311894e-02 8.902294363770668628e-02 1.227593385869218956e-01 1.513174779483995591e-01 2.284411968521565806e-01 2.547151634255090391e-01 2.956150112547604181e-01 3.244003719930678153e-01 3.474573622313131827e-01 4.591426484527701968e-01 5.485243626854684473e-01 6.771675390302817066e-01 7.667884336596436645e-01 8.323119033252776022e-01 8.240900771728708607e-01 7.587459928047323166e-01 6.724975417683142220e-01 5.443088081771602083e-01 4.555130859162849211e-01 3.420937418190254098e-01 3.206033831789122379e-01 2.896175627913105677e-01 2.490166904578806628e-01 2.256487657039761840e-01 1.954522406253714761e-01 1.468029479442493068e-01 1.151235044063428914e-01 8.112401102079258575e-02 4.955219866136839624e-02 8.736064005229526863e-03 4.266380327176888532e-02 7.893551042561786080e-02 9.812973725776841238e-02 1.347123789272554051e-01 1.830626961125455532e-01 2.241538882591230797e-01 2.602222920757971680e-01 2.873812261168066096e-01 3.139422091661520087e-01 3.381113882488767652e-01 3.741917510853746132e-01 4.053928338299740419e-01 4.534202574797677743e-01 4.845615451251977790e-01 5.106800444407239015e-01 5.438902425172772448e-01 5.842997705333746739e-01 6.832487006325537182e-01
7.398567209954689528e-01 6.699682090907470577e-01 6.379419539776661763e-01 5.962886878989279715e-01 5.620619731365540384e-01 5.352737687103772402e-01 5.035704071327911091e-01 4.550048275905118067e-01 4.257411060588802143e-01 3.845303237139683916e-01 3.650132033463246994e-01 3.383445891184789223e-01 3.068804079375548333e-01 2.732396851470026422e-01 2.316940502467621510e-01 1.831882658036492195e-01 1.468687225704803367e-01 1.251631015733781771e-01 9.185723133815282271e-02 5.545397496615311894e-02 0.000000000000000000e+00 3.356896867155356734e-02 6.730536362076877666e-02 9.586350298224644018e-02 1.729872218860034616e-01 1.992611884593559202e-01 2.401610362886072991e-01 2.689463970269146964e-01 2.920033872651600637e-01 4.036886734866170778e-01 4.930703877193153284e-01 6.217135640641285876e-01 7.113344586934905456e-01 7.768579283591244833e-01 7.686361022067177418e-01 7.032920178385791976e-01 6.170435668021611031e-01 4.888548332110070893e-01 4.000591109501318021e-01 2.866397668528722908e-01 2.651494082127591190e-01 2.341635878251574487e-01 1.935627154917275439e-01 1.701947907378230651e-01 1.399982656592183572e-01 9.134897297809618788e-02 5.966952944018977245e-02 2.567003605463946680e-02 5.901776304784722704e-03 6.419003897138264580e-02 9.811777823792200426e-02 1.343894853917709797e-01 1.535837122239215313e-01 1.901663538934085240e-01 2.385166710786986721e-01 2.796078632252761986e-01 3.156762670419502870e-01 3.428352010829597285e-01 3.693961841323051276e-01 3.935653632150298842e-01 4.296457260515277321e-01 4.608468087961271609e-01 5.088742324459208932e-01 5.400155200913508979e-01 5.661340194068770204e-01 5.993442174834303637e-01 6.397537454995277928e-01 7.387026755987068372e-01
7.734256896670225201e-01 7.035371777623006251e-01 6.715109226492197436e-01 6.298576565704816499e-01 5.956309418081076057e-01 5.688427373819309185e-01 5.371393758043446764e-01 4.885737962620653740e-01 4.593100747304337816e-01 4.180992923855219590e-01 3.985821720178782668e-01 3.719135577900324896e-01 3.404493766091084006e-01 3.068086538185562095e-01 2.652630189183157183e-01 2.167572344752027869e-01 1.804376912420339041e-01 1.587320702449317444e-01 1.254262000097063900e-01 8.902294363770668628e-02 3.356896867155356734e-02 0.000000000000000000e+00 3.373639494921520932e-02 6.229453431069287284e-02 1.394182532144498943e-01 1.656922197878023528e-01 2.065920676170537318e-01 2.353774283553611291e-01 2.584344185936064964e-01 3.701197048150635105e-01 4.595014190477617610e-01 5.881445953925750203e-01 6.777654900219369782e-01 7.432889596875709159e-01 7.350671335351641744e-01 6.697230491670256303e-01 5.834745981306075358e-01 4.552858645394535220e-01 3.664901422785782348e-01 2.530707981813187235e-01 2.315804395412055516e-01 2.005946191536038814e-01 1.599937468201739765e-01 1.366258220662694978e-01 1.064292969876647899e-01 5.778000430654262054e-02 2.610056076863620511e-02 7.898932616914100535e-03 3.947074497633829004e-02 9.775900764293621314e-02 1.316867469094755716e-01 1.679584540633245471e-01 1.871526808954750987e-01 2.237353225649620914e-01 2.720856397502522395e-01 3.131768318968297660e-01 3.492452357135038543e-01 3.764041697545132958e-01 4.029651528038586950e-01 4.271343318865834515e-01 4.632146947230812994e-01 4.944157774676807282e-01 5.424432011174744606e-01 5.735844887629044653e-01 5.997029880784305877e-01 6.329131861549839311e-01 6.733227141710813601e-01 7.722716442702604045e-01
8.071620846162377294e-01 7.372735727115158344e-01 7.052473175984349529e-01 6.635940515196967482e-01 6.293673367573228150e-01 6.025791323311460168e-01 5.708757707535598858e-01 5.223101912112806389e-01 4.930464696796489910e-01 4.518356873347371683e-01 4.323185669670934761e-01 4.056499527392476989e-01 3.741857715583236099e-01 3.405450487677714189e-01 2.989994138675309276e-01 2.504936294244179962e-01 2.141740861912491134e-01 1.924684651941469538e-01 1.591625949589215994e-01 1.227593385869218956e-01 6.730536362076877666e-02 3.373639494921520932e-02 0.000000000000000000e+00 2.855813936147766352e-02 1.056818582652346850e-01 1.319558248385871435e-01 1.728556726678385225e-01 2.016410334061459197e-01 2.246980236443912871e-01 3.363833098658483012e-01 4.257650240985465517e-01 5.544082004433598110e-01 6.440290950727217689e-01 7.095525647383557066e-01 7.013307385859489651e-01 6.359866542178104210e-01 5.497382031813923264e-01 4.215494695902383127e-01 3.327537473293630255e-01 2.193344032321035142e-01 1.978440445919903423e-01 1.668582242043886721e-01 1.262573518709587672e-01 1.028894271170542885e-01 7.269290203844958054e-02 2.404360935732741122e-02 7.635834180579004205e-03 4.163532756612930985e-02 7.320713992555349936e-02 1.314954025921514225e-01 1.654231418586907809e-01 2.016948490125397564e-01 2.208890758446903080e-01 2.574717175141773007e-01 3.058220346994674488e-01 3.469132268460449753e-01 3.829816306627190636e-01 4.101405647037285052e-01 4.367015477530739043e-01 4.608707268357986608e-01 4.969510896722965088e-01 5.281521724168959375e-01 5.761795960666896699e-01 6.073208837121196746e-01 6.334393830276457971e-01 6.666495811041991404e-01 7.070591091202965695e-01 8.060080392194756138e-01
